$ANSIBLE_VAULT;1.2;AES256;devops
65643865343537333232396365356261356565373765366163336530663261356330613434616132
3930383231653533303165633730646363613465353631660a333732373165336136346635323438
34636337646166613137623432376536613733326634626632363365643065663934386336613737
3061393361343439650a623534306166366162346237336336356566313535663833353766643463
30653864333836643463656563343136343864646136343365643738646462613262616634393161
65666561353464313430363335333233663764396633313135306662326134626163666236363130
38313631323938343763333933313237643832333133353064346664363037396231306235393530
33313135323231666136613566636464326364663363666636393632306239393435643838333131
31353638643262643739643133383531316536643238343863663265656261363732383733646537
63396536643133313365666531313235333663663362366337656431386462333633363366306363
65393539343964643034386338393037663437313936643336616364666538653634316563333064
62336633616531323631613461646534626238643962636337373532343331666165316261643932
30306236623837343437633635303364343032383661333732326463393131656634323762326330
61373861363633663837396339666435356562333261353964333334636438323366336166363362
64326665376134313238623961383533333738323934343139356666303766306539623565303631
32303234646638363436356438393434313135343461333936343531323236376338396237646163
63363665643031643839646234373736383832303032623666653065356336636439363963616437
38653830373165303062363730663061333033623135313535633462643034383635306630633064
37643064356562393739646537353630343563313239336536643134613136343432346134333830
33616164666465396535653031323861346662656139633262616363346133656536363130306163
37643436346263643832613466653063663464613161363564323738656433623639653065313963
62623563633161646236656239323930636664366461313736313934303666363734353537303931
65373038366135633338653266626464343330333136643031666564666333613236643861633163
37663534346234633439666566333638663262666332633239356362353038346237653662626134
34326462353762343261663138633965313435626463326238393034353839306561396438376633
30373463393832323962393363656331346464383232343735663438633630316435386137616131
63323861666336623437343066343164313533663339356333643833343031366137666137303063
35663465666461346661333335663163333064663138363239336365373937383662623737613038
61633836303365376663616231613336353233363036643939383832313939613937666230306539
62623163636637386631346131633039363230396232656535623264616438666530633536616532
37373936383336343730386130613231646465323339343365336566366535653266653932616163
34333834376264333363636464633739613466306635313938336231616237646338366332626433
34646334303338336638323839363437303865626637653636653433633137376434356430303866
64636539303138336163356366313034393639666132636562373030333862383566313734313466
32343264313039363236623431623231393735313661373061656461373962656639353063653538
34653138313532643664376238356361636463376264643234323364623834666639373135383938
31613030303531643030623535386331336437623039613438393839646630393639623839653633
64313231383734303635623365646635316261653061653661393566333165323738666638666664
30336438393332653465373135313565316465653230336363373334333637323336616136363032
30666663663639313365396464373163613564653434393437346431313831376461356266653666
38336539623164376630353365346630616230616564313062663535363731316565663339636530
31323637326332303064643365346331623332633663306565653933656335396466613362323836
66343231386537393337623466306365373338313861633238306437373034306638353237313538
30336530376636626437396530666361376339303133303662326661626162653930356136386637
34633735303461333165373833343364343430303831666239306566303061656664633432613766
30323334383465386639333739636466313936316663353538613564343364336133663139383630
65613864646431316164383632393635356138356232383930626539336464343235353037356237
37663966386333323034666130363366613964386431366363313135643836626539326530393933
66323735393163616138653437306264336338353265646362346335373939306234303330666462
35356463653966393661323730303036366531363962356263343937323965393262323566353339
62343361383262643363623733633639653833313537656666316436356132616263373962356236
39336136653730373235616162633230336538636161316631323832666538353434643862353162
37306164323939613138323235373834316133343135366265343434613038623235376661643530
35326536376432613434353535333063633237643037616439386435653062613038393536393033
66336661656535623632373462376435336636396430393932306331646437663236353935303937
63363030646131666661663331363265623865346539316532653039383431643163643231366565
33383139313266393939323565326335363633383766346166363536346362653161323836306433
32663765353964353631323363353566386132363064346136323437656639646166663432623133
64303466376561653836303039633364623063363330363365373337663262383435316139373462
30646531646261383363346465386339356261643431616531653235323533666663383332623737
36376364636139393832393137343930383337323362663538323463386633336537373065646437
36623838626639396535383336623765346532626561383737323933653066303863393035393337
30633638363837326361643762346531323530663662373731613637306132306161303434396662
66316136623863383632656462613936376563623364393162326630626566656531363830636230
62343539396631626665303039383364623762333439363433643865346231616666643730303562
35646337383461373536343335336430636236346231653165303630303338306366343830636464
64373661336230383931643238316636666236636537626666373038303433323365643932306231
31633465636364653530386337653134343934333833633235313934363233336433353239333162
31383766323636376661386332656263633238646433643764396232343939313365313065656261
65633762343837303239336233343161623439336362383133643865656132366662396466306537
34323334373861666531666639373765343633323466613461386231393664333332333266396532
36316336373264663832336131356539643333653237346565333131333462666339386334363532
61643939373034303261636362633062663538626233646230626435663734303134643436333338
32376236636130313666623535363865373263333930393763616563653666336333643961346462
37313461613233636637303636313961356332393139313837626235396265353530386566373530
38333166383864313865616431396663393631303632373135333337313931326166613939313765
31363134323730343961353338386330316335393835353632633461333739306230326330633936
39323332643061616531643034333136353730376636303932316133346437356332323830666463
65633063623031646638633034636632316231613362326464653236303133356135646566323737
66323139646261306534346434383738613462633337616333326364383362326332663362396164
63356264343834373463356632386230323263333037383733366433626531316466313735336634
63396233336437613863333761366330346139376563613065313061383237376230383139323564
66663536663635613839346663616237313664316166663465653963653735616335363133303830
36323835346465386366346336363134343666336163396435333862343934373435346463646363
39636461346236643263646433393963626265623431356234613939356163616561303337396361
31323836306263336535333238366431336438323931643331376163356335653237323239633864
61656564363232323436356534643864393361663461623733646661666235623139366461303430
36333537316662666336393663313532356635393539663333376566336139663537653133323238
61393733656366616533323630623634633132626264616664626332346366363061303631363463
63623266313930613839356466333235323930336362373963643866633837623463396536656463
66346438303836306562616532383638666363653237346662316531313365306566363637626434
63623032626538366638373962303761653238376435393833646263633137633964326463303135
66633931646661666331653738666338666331346663616661636236343062356337613234363831
66353131396464653530376162313338353233626435383932616366383062333365613437626430
30313636333131343363363835376564346363633566643832363463393636346531373739313961
38643633666266626534386236346535393630346231663764383138643266323034636566656639
34363831643032396132373833386364303738316431666133373964373461303138396266666539
31613030653337396332656465306332363366373262356335646537633065363030653037616330
62653165306664663935663932633763393535313466376538343132363037376537396563346263
62313462396465623264663439656630343062386565356338396463643733656535643534623838
35633862383534646531616162663436633663653031333030623662366432656337303765653162
32353738396232356264303839303534343466623361663339323261366330316237643362336332
32326131306338336461333730623630666534393762616436383462313231363930613338653039
30656332346463366433316430366461376338336632333330393437393364653332366330643765
38303262333334376633666164616530396539643839346462343365303966346331306131636435
34616235333865373338303737333135366336656633653339333962346564633236663662656539
65663465626637623634656231646365303837316134653233626132643435316561386338653165
39623238366330646261376439343533623434363835633631636537643030663231383437656531
33353539353033663031363936356664303962333265386433346463386638653164323065663461
31303666373965633561353233336437383663623131343966353161343734633233633463336233
35613534373238316436633133393665386462623534306538323964613134323530636334363866
32663132366432306136393866626532393234316533313232326236663039663663393866343238
63363638333439666130376161326638373837346233323262343064656434313136656239633639
61343936656230303933336237636230313566383963303833343263353161353733316364613932
65336366346462636338313466326366356433346561323263633163613164316465303665313936
66343934376663373936643261626431373639323034363338326165666137333838393661373037
30363538306263383031663034303034653837633836616334616166656531666439613631326536
38306334616131383730663139353765366364663538336437633237656237643939376530376434
63613937363637313538356436323537323531336632373863336565376666356165616535346566
33393964343433663662373835653263643561623331623139666638313262646564666532346332
61613933326631666366363139656336616534383236326665393538656433366232323937613035
34353561633733643737313433356234623532346235343833356166353837383033393337613566
62613534316231353636626431656234353966646635346130653134353066386364633639663565
38616432666263666433356365316465366561396639663562393839663966336165663535346636
64306331313064393938636639383061316233383861376237363031323834316538613261306664
39636630656565623437396462306266366538613162653666616632623435336539663934323061
39303033366564363666363635653364326230316331366364643165326433396665356231373436
39343135363564323763323537343766666434396233386335653166363531323131383039363933
64343836633437353539643462353765356139313233316630316237373565353433646464303839
31346532343534323462653966343337656336323730323066633161383263373039633164623130
33343536653163626636306139393264353932623438326461303361336534346266383138653561
34383433306335653530306531643736613238383831343565306262313361343732343363316264
39663433366537643266616666623865393061343331613834643562363465313834346165333238
61653136373238343830313130663663653964646463386463626331336162636139303236653135
37623563363032303664306666333230613962383933623935616661643930383065663364336661
35353835313632643233333339303933666464613131383262643134326363356339383636363935
62366339323437653133353264383163303536633431663735313639363736393062366236353733
64363761356331303635656665386436623264386337393165396435663237373335613866643431
31353661623264373739656438383230323935343562656162653239653833646532393163343732
64626430333033653639343838623036633533323832646536636362616366376538393061633762
63353135353663636165653330343331393835393039366163343630663232656464613562656639
35643235656630396166343262623535336233353636306363636635386564393362626232363232
39663837636632353438393333663530376639396566646438346635373836626137313563663838
33363938306438343032393737653137323063303166626536663865376432333866366233323934
31393165303935643235373439326531663932663338393363316366663633633863613338626435
34643462313534376465383861666638346239623631336431343739623834386537633531653336
63303131326366393638623766363564373364363963353664616234306535656163656134323339
62353165393237363132303032663130323261646432643436643561326166656535303630393236
37643064303837633864653962343263333863323738373666666133623738643336666239333562
35633339373532376331623661643939636439633338353530353438316232653637313965343134
33393964353237633934376337396233623837313566613136643861383733353536346334346132
36323035356335613865656639653465656162396239343538623864643139356165313633386162
62366137343664623264326563363762643733666437623439646532303338356266326263643430
66396633313130623066656531653665353835303934636462666330616439636131363436623038
36343466356562393162393764343130666161666333356635303534386663623430346461393462
65656165336364666664383936333735363661613131313939613539326234663235306139653265
62666236313232356363663138386130336333613765353861373963646639373363626364633535
38396365383730346534376165323832323164393466376666623137616334306531313633383764
30613932643463633431636632636338613264653466383865653561653562393339393664323765
63306333396136656135366565653163633662313835373533373432366235633339393935383432
33346166393466343962306436623535623065653339303133313633333037613539376637633761
63656439396132623336613036373661656432666262363661643631356430613563346432616463
34633039613737616536663630363566646231373030613337653332623331626562316436356661
37643130353764303064376532303666326264313964393839316534613262303165383632613233
34303061643565386161636666623231663837623137666534623533373436383063396166376533
32306535663930353366626437396135666539616263313962653238653331653139646437386634
66336364626530623632666239323932633539623964353964343162383637653861616434643233
32353435356539363530663964663364663931323038666535633166343335323561363935373038
35633164643663636363393434373139353137363863386637343130626531653038343465373335
63633362623030393231636436653064323233306433373130383365616434333664303163323934
39626336326230353631633630383530326164356433343865386335646137636130633563373733
34613266643530333631313236316563346139303530313565633663666533336432636662633630
37653963346538373866653535353535313639336164636234363639613730343231313566376562
3038316332663630326230626565613465393631396438333066
